TIME(s)	TEMP(C)	Clock(Hz)
0	50.0	1500398464
1	51.0	1000212864
2	51.0	1500345728
3	51.0	1000212864
4	51.0	1500398464
5	53.0	1500345728
6	54.0	1500398464
7	54.0	1500345728
8	53.0	1500398464
9	52.0	1000265600
10	53.0	1500398464
11	53.0	1000265600
12	53.0	1500345728
13	55.0	1500345728
14	56.0	1500398464
15	56.0	1500345728
16	55.0	1500345728
17	57.0	1500345728
18	57.0	1500345728
19	57.0	1500345728
20	59.0	1500398464
21	59.0	1500345728
22	58.0	1500398464
23	59.0	1500345728
24	58.0	1500345728
25	59.0	1500345728
26	57.0	1500345728
27	58.0	1500345728
28	59.0	1500398464
29	59.0	1500398464
30	60.0	1500398464
31	60.0	1500345728
32	59.0	1500398464
33	60.0	1500345728
34	61.0	1500398464
35	61.0	1500345728
36	59.0	1500345728
37	57.0	600169920
38	59.0	1500398464
39	60.0	1500345728
40	59.0	1500345728
41	61.0	1500345728
42	61.0	1500398464
43	62.0	1500345728
44	61.0	1500345728
45	62.0	1500398464
46	61.0	1500398464
47	62.0	1500345728
48	61.0	1500345728
49	62.0	1500345728
50	62.0	1500345728
51	62.0	1500345728
52	63.0	1500345728
53	63.0	1500345728
54	62.0	1500345728
55	63.0	1500345728
56	63.0	1500398464
57	64.0	1500345728
58	64.0	1500345728
59	63.0	1500345728
60	63.0	1500398464
61	64.0	1500345728
62	65.0	1500398464
63	64.0	1500398464
64	65.0	1500398464
65	65.0	1500345728
66	65.0	1500345728
67	65.0	1500345728
68	64.0	1500345728
69	64.0	1500345728
70	64.0	1500345728
71	64.0	1500398464
72	65.0	1500398464
73	65.0	1500345728
74	65.0	1500345728
75	64.0	1500345728
76	65.0	1500345728
77	67.0	1500398464
78	65.0	1500345728
79	65.0	1500345728
80	65.0	1500398464
81	65.0	1500345728
82	65.0	1500398464
83	65.0	1500345728
84	65.0	1500345728
85	65.0	1500345728
86	66.0	1500398464
87	65.0	1500398464
88	67.0	1500398464
89	67.0	1500345728
90	66.0	1500345728
91	66.0	1500345728
92	67.0	1500345728
93	67.0	1500345728
94	67.0	1500398464
95	67.0	1500398464
96	66.0	1500398464
97	67.0	1500345728
98	67.0	1500398464
99	66.0	1500345728
100	67.0	1500345728
101	66.0	1500345728
102	67.0	1500398464
103	67.0	1500345728
104	67.0	1500398464
105	68.0	1500398464
106	67.0	1500398464
107	67.0	1500345728
108	68.0	1500398464
109	67.0	1500345728
110	67.0	1500345728
111	67.0	1500345728
112	68.0	1500398464
113	68.0	1500398464
114	68.0	1500345728
115	68.0	1500345728
116	68.0	1500345728
117	68.0	1500345728
118	68.0	1500345728
119	68.0	1500345728
120	69.0	1500345728
121	68.0	1500398464
122	68.0	1500345728
123	68.0	1500398464
124	68.0	1500345728
125	68.0	1500398464
126	69.0	1500398464
127	69.0	1500345728
128	69.0	1500345728
129	68.0	1500345728
130	69.0	1500398464
131	69.0	1500398464
132	69.0	1500345728
133	70.0	1500345728
134	69.0	1500398464
135	70.0	1500345728
136	70.0	1500345728
137	69.0	1500398464
138	68.0	1500345728
139	70.0	1500398464
140	70.0	1500345728
141	69.0	1500398464
142	69.0	1500398464
143	70.0	1500398464
144	70.0	1500345728
145	69.0	1500345728
146	70.0	1500345728
147	70.0	1500398464
148	69.0	1500398464
149	71.0	1500345728
150	69.0	1500345728
151	70.0	1500345728
152	70.0	1500345728
153	70.0	1500345728
154	70.0	1500345728
155	70.0	1500345728
156	71.0	1500345728
157	70.0	1500345728
158	70.0	1500398464
159	71.0	1500345728
160	71.0	1500345728
161	71.0	1500345728
162	70.0	1500398464
163	71.0	1500345728
164	71.0	1500345728
165	71.0	1500345728
166	71.0	1500398464
167	71.0	1500345728
168	71.0	1500398464
169	71.0	1500345728
170	71.0	1500345728
171	71.0	1500398464
172	71.0	1500345728
173	71.0	1500398464
174	71.0	1500398464
175	72.0	1500398464
176	71.0	1500345728
177	72.0	1500398464
178	72.0	1500345728
179	70.0	1500398464
180	71.0	1500345728
181	71.0	1500345728
182	71.0	1500398464
183	70.0	1500398464
184	71.0	1500345728
185	72.0	1500398464
186	70.0	1500345728
187	72.0	1500345728
188	72.0	1500398464
189	71.0	1500345728
190	71.0	1500345728
191	71.0	1500345728
192	72.0	1500345728
193	71.0	1500345728
194	72.0	1500345728
195	72.0	1500345728
196	71.0	1500398464
197	71.0	1500345728
198	72.0	1500398464
199	71.0	1500345728
200	72.0	1500345728
201	73.0	1500345728
202	72.0	1500398464
203	71.0	1500398464
204	72.0	1500398464
205	72.0	1500345728
206	73.0	1500345728
207	72.0	1500398464
208	72.0	1500345728
209	71.0	1500345728
210	72.0	1500345728
211	73.0	1500345728
212	71.0	1500398464
213	71.0	1500398464
214	71.0	1500398464
215	72.0	1500398464
216	72.0	1500398464
217	72.0	1500345728
218	73.0	1500345728
219	72.0	1500398464
220	72.0	1500398464
221	73.0	1500345728
222	72.0	1500345728
223	72.0	1500398464
224	73.0	1500398464
225	72.0	1500345728
226	72.0	1500345728
227	72.0	1500345728
228	71.0	1500398464
229	72.0	1500345728
230	73.0	1500345728
231	73.0	1500398464
232	72.0	1500345728
233	73.0	1500398464
234	72.0	1500345728
235	73.0	1500345728
236	73.0	1500345728
237	73.0	1500345728
238	73.0	1500345728
239	73.0	1500345728
240	73.0	1500345728
241	72.0	1500345728
242	73.0	1500398464
243	73.0	1500345728
244	72.0	1500398464
245	73.0	1500345728
246	72.0	1500345728
247	72.0	1500345728
248	73.0	1500345728
249	73.0	1500398464
250	72.0	1500345728
251	73.0	1500398464
252	73.0	1500398464
253	73.0	1500398464
254	73.0	1500345728
255	73.0	1500398464
256	73.0	1500345728
257	73.0	1500345728
258	73.0	1500398464
259	72.0	1500345728
260	73.0	1500398464
261	73.0	1500345728
262	72.0	1500398464
263	73.0	1500345728
264	73.0	1500398464
265	73.0	1500398464
266	74.0	1500345728
267	73.0	1500398464
268	72.0	1500398464
269	73.0	1500398464
270	73.0	1500398464
271	73.0	1500398464
272	73.0	1500398464
273	73.0	1500345728
274	73.0	1500345728
275	73.0	1500398464
276	73.0	1500398464
277	73.0	1500345728
278	73.0	1500398464
279	73.0	1500398464
280	73.0	1500345728
281	73.0	1500398464
282	72.0	1500345728
283	73.0	1500398464
284	74.0	1500398464
285	73.0	1500345728
286	73.0	1500398464
287	73.0	1500398464
288	73.0	1500398464
289	73.0	1500398464
290	73.0	1500398464
291	73.0	1500398464
292	73.0	1500398464
293	73.0	1500345728
294	73.0	1500398464
295	74.0	1500345728
296	73.0	1500345728
297	74.0	1500345728
298	74.0	1500345728
299	73.0	1500345728
300	73.0	1500345728
301	74.0	1500345728
302	73.0	1500398464
303	74.0	1500398464
304	73.0	1500345728
305	73.0	1500345728
306	74.0	1500398464
307	74.0	1500345728
308	75.0	1500345728
309	74.0	1500345728
310	74.0	1500398464
311	74.0	1500345728
312	74.0	1500345728
313	74.0	1500345728
314	73.0	1500345728
315	74.0	1500398464
316	73.0	1500345728
317	74.0	1500345728
318	73.0	1500345728
319	74.0	1500398464
320	74.0	1500398464
321	74.0	1500398464
322	74.0	1500345728
323	74.0	1500345728
324	74.0	1500398464
325	73.0	1500345728
326	74.0	1500398464
327	74.0	1500345728
328	74.0	1500398464
329	75.0	1500398464
330	74.0	1500345728
331	74.0	1500398464
332	74.0	1500345728
333	74.0	1500345728
334	75.0	1500345728
335	75.0	1500398464
336	74.0	1500345728
337	74.0	1500345728
338	75.0	1500398464
339	74.0	1500345728
340	74.0	1500398464
341	74.0	1500398464
342	73.0	1500345728
343	76.0	1500398464
344	74.0	1500345728
345	74.0	1500398464
346	73.0	1500398464
347	75.0	1500398464
348	74.0	1500398464
349	74.0	1500398464
350	75.0	1500398464
351	74.0	1500398464
352	74.0	1500398464
353	75.0	1500398464
354	74.0	1500345728
355	75.0	1500398464
356	74.0	1500398464
357	75.0	1500398464
358	74.0	1500345728
359	75.0	1500398464
360	75.0	1500398464
361	74.0	1500398464
362	75.0	1500345728
363	75.0	1500398464
364	75.0	1500398464
365	75.0	1500345728
366	75.0	1500345728
367	75.0	1500345728
368	75.0	1500398464
369	75.0	1500345728
370	75.0	1500398464
371	76.0	1500345728
372	75.0	1500398464
373	76.0	1500398464
374	75.0	1500398464
375	75.0	1500398464
376	76.0	1500345728
377	76.0	1500345728
378	75.0	1500345728
379	75.0	1500345728
380	76.0	1500398464
381	75.0	1500398464
382	75.0	1500398464
383	76.0	1500345728
384	75.0	1500345728
385	75.0	1500398464
386	76.0	1500345728
387	76.0	1500345728
388	75.0	1500398464
389	75.0	1500398464
390	75.0	1500398464
391	76.0	1500398464
392	75.0	1500398464
393	75.0	1500398464
394	76.0	1500398464
395	75.0	1500398464
396	75.0	1500345728
397	76.0	1500398464
398	75.0	1500398464
399	76.0	1500398464
400	76.0	1500398464
401	75.0	1500345728
402	76.0	1500345728
403	76.0	1500345728
404	76.0	1500345728
405	76.0	1500345728
406	76.0	1500345728
407	75.0	1500398464
408	76.0	1500345728
409	76.0	1500398464
410	76.0	1500345728
411	75.0	1500345728
412	76.0	1500345728
413	75.0	1500398464
414	76.0	1500345728
415	76.0	1500345728
416	77.0	1500398464
417	77.0	1500398464
418	76.0	1500345728
419	75.0	1500345728
420	76.0	1500345728
421	76.0	1500398464
422	76.0	1500345728
423	75.0	1500345728
424	75.0	1500345728
425	75.0	1500345728
426	76.0	1500345728
427	77.0	1500398464
428	76.0	1500345728
429	76.0	1500345728
430	75.0	1500345728
431	75.0	1500398464
432	75.0	1500345728
433	77.0	1500345728
434	76.0	1500345728
435	76.0	1500398464
436	75.0	1500398464
437	76.0	1500345728
438	75.0	1500345728
439	75.0	1500398464
440	75.0	1500345728
441	76.0	1500345728
442	77.0	1500345728
443	76.0	1500345728
444	76.0	1500345728
445	76.0	1500398464
446	77.0	1500398464
447	76.0	1500345728
448	77.0	1500398464
449	76.0	1500345728
450	76.0	1500398464
451	76.0	1500398464
452	76.0	1500398464
453	76.0	1500345728
454	75.0	1500345728
455	76.0	1500398464
456	76.0	1500345728
457	76.0	1500398464
458	76.0	1500398464
459	76.0	1500398464
460	76.0	1500398464
461	77.0	1500345728
462	77.0	1500345728
463	76.0	1500345728
464	76.0	1500398464
465	76.0	1500398464
466	76.0	1500345728
467	76.0	1500345728
468	77.0	1500345728
469	77.0	1500398464
470	76.0	1500398464
471	77.0	1500345728
472	76.0	1500398464
473	76.0	1500345728
474	76.0	1500398464
475	77.0	1500345728
476	77.0	1500345728
477	76.0	1500345728
478	77.0	1500345728
479	76.0	1500345728
480	78.0	1500398464
481	77.0	1500345728
482	76.0	1500345728
483	77.0	1500345728
484	76.0	1500345728
485	76.0	1500398464
486	77.0	1500345728
487	76.0	1500345728
488	76.0	1500398464
489	77.0	1500345728
490	76.0	1500398464
491	76.0	1500398464
492	77.0	1500398464
493	76.0	1500345728
494	76.0	1500345728
495	77.0	1500345728
496	76.0	1500398464
497	77.0	1500345728
498	78.0	1500345728
499	76.0	1500398464
500	75.0	1500345728
501	77.0	1500398464
502	75.0	1500345728
503	77.0	1500345728
504	76.0	1500398464
505	76.0	1500345728
506	75.0	1500345728
507	77.0	1500398464
508	76.0	1500345728
509	76.0	1500398464
510	77.0	1500398464
511	77.0	1500345728
512	77.0	1500398464
513	76.0	1500398464
514	76.0	1500398464
515	76.0	1500345728
516	77.0	1500398464
517	77.0	1500398464
518	76.0	1500345728
519	77.0	1500398464
520	76.0	1500398464
521	77.0	1500345728
522	77.0	1500398464
523	77.0	1500345728
524	77.0	1500398464
525	76.0	1500345728
526	76.0	1500345728
527	77.0	1500345728
528	77.0	1500345728
529	77.0	1500345728
530	76.0	1500345728
531	77.0	1500345728
532	76.0	1500345728
533	77.0	1500345728
534	77.0	1500398464
535	78.0	1500345728
536	76.0	1500398464
537	77.0	1500398464
538	77.0	1500345728
539	77.0	1500345728
540	76.0	1500398464
541	76.0	1500345728
542	77.0	1500398464
543	78.0	1500398464
544	76.0	1500398464
545	76.0	1500345728
546	77.0	1500398464
547	78.0	1500345728
548	77.0	1500345728
549	77.0	1500345728
550	78.0	1500345728
551	76.0	1500345728
552	77.0	1500398464
553	78.0	1500345728
554	77.0	1500345728
555	78.0	1500398464
556	77.0	1500345728
557	77.0	1500345728
558	76.0	1500345728
559	77.0	1500398464
560	77.0	1500345728
561	77.0	1500345728
562	77.0	1500398464
563	78.0	1500345728
564	77.0	1500398464
565	78.0	1500398464
566	78.0	1500345728
567	78.0	1500345728
568	77.0	1500345728
569	77.0	1500345728
570	77.0	1500398464
571	77.0	1500345728
572	77.0	1500398464
573	77.0	1500345728
574	77.0	1500398464
575	78.0	1500398464
576	77.0	1500398464
577	77.0	1500345728
578	76.0	1500398464
579	77.0	1500345728
580	78.0	1500345728
581	78.0	1500398464
582	78.0	1500345728
583	77.0	1500398464
584	77.0	1500398464
585	77.0	1500345728
586	77.0	1500345728
587	76.0	1500345728
588	77.0	1500345728
589	77.0	1500398464
590	78.0	1500398464
591	78.0	1500398464
592	77.0	1500345728
593	78.0	1500345728
594	77.0	1500345728
595	77.0	1500345728
596	78.0	1500345728
597	77.0	1500398464
598	77.0	1500398464
599	78.0	1500345728
600	78.0	1500345728
601	77.0	1500345728
602	78.0	1500398464
603	78.0	1500398464
604	77.0	1500398464
605	77.0	1500398464
606	78.0	1500345728
607	77.0	1500345728
608	78.0	1500345728
609	77.0	1500345728
610	77.0	1500345728
611	77.0	1500345728
612	77.0	1500345728
613	77.0	1500345728
614	77.0	1500398464
615	77.0	1500345728
616	78.0	1500398464
617	78.0	1500398464
618	77.0	1500345728
619	78.0	1500345728
620	78.0	1500345728
621	78.0	1500345728
622	78.0	1500345728
623	77.0	1500345728
624	77.0	1500345728
625	79.0	1500345728
626	78.0	1500345728
627	79.0	1500398464
628	77.0	1500345728
629	77.0	1500345728
630	78.0	1500345728
631	77.0	1500398464
632	78.0	1500398464
633	79.0	1500398464
634	78.0	1500345728
635	78.0	1500398464
636	78.0	1500345728
637	78.0	1500398464
638	78.0	1500345728
639	77.0	1500345728
640	78.0	1500345728
641	78.0	1500345728
642	78.0	1500398464
643	78.0	1500345728
644	78.0	1500398464
645	78.0	1500398464
646	76.0	1500398464
647	78.0	1500345728
648	78.0	1500398464
649	78.0	1500345728
650	78.0	1500345728
651	79.0	1500345728
652	76.0	1500398464
653	78.0	1500345728
654	77.0	1500345728
655	77.0	1500398464
656	77.0	1500345728
657	78.0	1500345728
658	77.0	1500345728
659	77.0	1500345728
660	77.0	1500398464
661	78.0	1500398464
662	78.0	1500345728
663	78.0	1500345728
664	77.0	1500345728
665	78.0	1500398464
666	77.0	1500398464
667	78.0	1500345728
668	78.0	1500345728
669	78.0	1500345728
670	78.0	1500345728
671	78.0	1500398464
672	77.0	1500345728
673	77.0	1500345728
674	79.0	1500345728
675	78.0	1500345728
676	77.0	1500398464
677	77.0	1500398464
678	77.0	1500345728
679	77.0	1500398464
680	77.0	1500398464
681	79.0	1500398464
682	78.0	1500398464
683	78.0	1500345728
684	79.0	1500345728
685	76.0	1500345728
686	78.0	1500398464
687	79.0	1500345728
688	79.0	1500398464
689	78.0	1500345728
690	78.0	1500398464
691	78.0	1500345728
692	78.0	1500345728
693	78.0	1500398464
694	79.0	1500345728
695	78.0	1500398464
696	79.0	1500398464
697	78.0	1500345728
698	78.0	1500345728
699	78.0	1500345728
700	78.0	1500398464
701	79.0	1500345728
702	79.0	1500398464
703	77.0	1500398464
704	78.0	1500345728
705	77.0	1500345728
706	78.0	1500398464
707	79.0	1500345728
708	78.0	1500345728
709	78.0	1500345728
710	78.0	1500398464
711	78.0	1500398464
712	78.0	1500345728
713	78.0	1500345728
714	78.0	1500398464
715	78.0	1500345728
716	78.0	1500345728
717	77.0	1500345728
718	79.0	1500345728
719	78.0	1500345728
720	79.0	1500398464
721	78.0	1500398464
722	78.0	1500398464
723	78.0	1500345728
724	78.0	1500345728
725	78.0	1500345728
726	78.0	1500398464
727	78.0	1500345728
728	77.0	1500345728
729	77.0	1500345728
730	77.0	1500398464
731	79.0	1500345728
732	79.0	1500398464
733	79.0	1500345728
734	78.0	1500345728
735	78.0	1500345728
736	77.0	1500398464
737	78.0	1500398464
738	78.0	1500398464
739	79.0	1500398464
740	78.0	1500345728
741	78.0	1500398464
742	79.0	1500345728
743	77.0	1500398464
744	78.0	1500345728
745	78.0	1500345728
746	78.0	1500345728
747	78.0	1500345728
748	79.0	1500345728
749	79.0	1500398464
750	79.0	1500345728
751	79.0	1500398464
752	78.0	1500345728
753	79.0	1500345728
754	79.0	1500345728
755	78.0	1500345728
756	78.0	1500398464
757	79.0	1500398464
758	78.0	1500398464
759	79.0	1500398464
760	78.0	1500345728
761	80.0	1500345728
762	80.0	1500345728
763	78.0	1500398464
764	78.0	1500345728
765	79.0	1500345728
766	78.0	1500398464
767	77.0	1500345728
768	78.0	1500398464
769	79.0	1500398464
770	79.0	1500398464
771	79.0	1500345728
772	78.0	1500345728
773	78.0	1500345728
774	78.0	1500398464
775	78.0	1500398464
776	78.0	1500345728
777	79.0	1500398464
778	79.0	1500398464
779	79.0	1500345728
780	79.0	1500398464
781	80.0	1500345728
782	77.0	1500345728
783	78.0	1500345728
784	79.0	1500345728
785	78.0	1500345728
786	79.0	1500345728
787	78.0	1500345728
788	79.0	1500345728
789	79.0	1500398464
790	78.0	1500398464
791	78.0	1500398464
792	78.0	1500345728
793	78.0	1500345728
794	79.0	1500398464
795	79.0	1500398464
796	78.0	1500345728
797	78.0	1500345728
798	78.0	1500398464
799	80.0	1500345728
800	79.0	1500345728
801	79.0	1500345728
802	78.0	1500345728
803	78.0	1500345728
804	79.0	1500345728
805	79.0	1500398464
806	78.0	1500345728
807	78.0	1500398464
808	78.0	1500345728
809	80.0	1500345728
810	79.0	1500345728
811	79.0	1500345728
812	78.0	1500345728
813	78.0	1500398464
814	79.0	1500345728
815	79.0	1500345728
816	79.0	1500398464
817	79.0	1500398464
818	79.0	1500398464
819	80.0	1500398464
820	79.0	1500398464
821	79.0	1500345728
822	79.0	1500345728
823	79.0	1500345728
824	79.0	1500345728
825	78.0	1500345728
826	79.0	1500398464
827	78.0	1500398464
828	78.0	1500345728
829	79.0	1500398464
830	79.0	1500345728
831	78.0	1500398464
832	79.0	1500398464
833	79.0	1500398464
834	79.0	1500345728
835	78.0	1500398464
836	78.0	1500345728
837	79.0	1500398464
838	79.0	1500345728
839	79.0	1500345728
840	79.0	1500398464
841	79.0	1500345728
842	78.0	1500398464
843	78.0	1500345728
844	80.0	1500345728
845	79.0	1500398464
846	79.0	1500345728
847	79.0	1500345728
848	79.0	1500345728
849	79.0	1500398464
850	79.0	1500345728
851	79.0	1500345728
852	79.0	1500345728
853	79.0	1500345728
854	78.0	1500345728
855	78.0	1500398464
856	79.0	1500345728
857	78.0	1500345728
858	79.0	1500345728
859	79.0	1500398464
860	79.0	1500345728
861	80.0	1500398464
862	78.0	1500345728
863	78.0	1500345728
864	80.0	1500345728
865	78.0	1500398464
866	79.0	1500398464
867	78.0	1500345728
868	79.0	1500398464
869	80.0	1500398464
870	79.0	1500398464
871	79.0	1500398464
872	79.0	1500345728
873	79.0	1500345728
874	78.0	1500398464
875	79.0	1500345728
876	79.0	1500398464
877	78.0	1500345728
878	79.0	1500398464
879	79.0	1500398464
880	79.0	1500398464
881	79.0	1500398464
882	79.0	1500345728
883	79.0	1500345728
884	79.0	1500345728
885	79.0	1500398464
886	80.0	1500345728
887	79.0	1500398464
888	79.0	1500398464
889	79.0	1500398464
890	79.0	1500398464
891	79.0	1500398464
892	79.0	1500398464
893	79.0	1500345728
894	79.0	1500398464
895	79.0	1500398464
896	79.0	1500345728
897	78.0	1500398464
898	79.0	1500398464
899	78.0	1500345728
900	79.0	1500345728
901	80.0	1500398464
902	80.0	1500398464
903	79.0	1500398464
904	78.0	1500398464
905	79.0	1500345728
906	78.0	1500398464
907	79.0	1500398464
908	78.0	1500398464
909	80.0	1500398464
910	78.0	1500345728
911	79.0	1500398464
912	79.0	1500398464
913	79.0	1500345728
914	79.0	1500345728
915	79.0	1500345728
916	80.0	1500345728
917	79.0	1500345728
918	79.0	1500398464
919	79.0	1500345728
920	79.0	1500398464
921	80.0	1500345728
922	80.0	1500345728
923	78.0	1500345728
924	80.0	1500345728
925	79.0	1500345728
926	79.0	1500398464
927	80.0	1500398464
928	80.0	1500345728
929	79.0	1500345728
930	79.0	1500398464
931	80.0	1500345728
932	80.0	1500398464
933	79.0	1500345728
934	78.0	1500398464
935	80.0	1500398464
936	79.0	1500345728
937	79.0	1500398464
938	79.0	1500345728
939	78.0	1500345728
940	78.0	1500345728
941	79.0	1500345728
942	78.0	1500345728
943	79.0	1500398464
944	79.0	1500345728
945	78.0	1500345728
946	80.0	1500398464
947	79.0	1500398464
948	78.0	1500345728
949	79.0	1500398464
950	80.0	1500345728
951	80.0	1500398464
952	79.0	1500345728
953	79.0	1500345728
954	79.0	1500345728
955	80.0	1500345728
956	78.0	1500345728
957	79.0	1500345728
958	79.0	1500345728
959	78.0	1500345728
960	78.0	1500345728
961	78.0	1500345728
962	79.0	1500398464
963	80.0	1500398464
964	78.0	1500345728
965	79.0	1500398464
966	78.0	1500398464
967	80.0	1500345728
968	79.0	1500345728
969	79.0	1500398464
970	79.0	1500345728
971	80.0	1500398464
972	79.0	1500345728
973	80.0	1500398464
974	79.0	1500398464
975	80.0	1500398464
976	80.0	1500345728
977	79.0	1500345728
978	79.0	1500345728
979	78.0	1500345728
980	79.0	1500398464
981	80.0	1500398464
982	79.0	1500398464
983	80.0	1500345728
984	79.0	1500398464
985	79.0	1500398464
986	79.0	1500345728
987	80.0	1500345728
988	79.0	1500398464
989	78.0	1500345728
990	79.0	1500345728
991	80.0	1500345728
992	80.0	1500398464
993	79.0	1500345728
994	80.0	1500398464
995	79.0	1500398464
996	79.0	1500398464
997	78.0	1500398464
998	79.0	1500345728
999	80.0	1500345728
1000	79.0	1500345728
1001	79.0	1500398464
1002	80.0	1500345728
1003	79.0	1500345728
1004	80.0	1500345728
1005	80.0	1500398464
1006	80.0	1500398464
1007	79.0	1500398464
1008	78.0	1500345728
1009	79.0	1500345728
1010	80.0	1500398464
1011	78.0	1500345728
1012	78.0	1500345728
1013	79.0	1500398464
1014	80.0	1500398464
1015	79.0	1500345728
1016	79.0	1500345728
1017	79.0	1500345728
1018	80.0	1500398464
1019	79.0	1500398464
1020	78.0	1500345728
1021	79.0	1500345728
1022	79.0	1500345728
1023	79.0	1500345728
1024	78.0	1500398464
1025	79.0	1500398464
1026	79.0	1500345728
1027	78.0	1500345728
1028	79.0	1500345728
1029	80.0	1500345728
1030	79.0	1500398464
1031	78.0	1500398464
1032	79.0	1500398464
1033	79.0	1500345728
1034	79.0	1500345728
1035	80.0	1500398464
1036	80.0	1500345728
1037	79.0	1500345728
1038	78.0	1500345728
1039	79.0	1500345728
1040	79.0	1500345728
1041	79.0	1500345728
1042	79.0	1500398464
1043	79.0	1500345728
1044	78.0	1500345728
1045	79.0	1500345728
1046	79.0	1500398464
1047	79.0	1500398464
1048	79.0	1500345728
1049	79.0	1500398464
1050	78.0	1500345728
1051	80.0	1500345728
1052	80.0	1500398464
1053	80.0	1500398464
1054	79.0	1500398464
1055	79.0	1500345728
1056	79.0	1500398464
1057	78.0	1500398464
1058	79.0	1500345728
1059	79.0	1500345728
1060	79.0	1500345728
1061	79.0	1500345728
1062	79.0	1500398464
1063	79.0	1500398464
1064	80.0	1500398464
1065	80.0	1500345728
1066	79.0	1500345728
1067	79.0	1500398464
1068	80.0	1500345728
1069	80.0	1500398464
1070	79.0	1500398464
1071	80.0	1500398464
1072	79.0	1500398464
1073	79.0	1500345728
1074	79.0	1500345728
1075	78.0	1500398464
1076	79.0	1500398464
1077	79.0	1500398464
1078	80.0	1500345728
1079	80.0	1500345728
1080	79.0	1500345728
1081	78.0	1500398464
1082	79.0	1500345728
1083	79.0	1500345728
1084	79.0	1500398464
1085	79.0	1500398464
1086	80.0	1500398464
1087	79.0	1500345728
1088	79.0	1500345728
1089	79.0	1500345728
1090	79.0	1500345728
1091	79.0	1500345728
1092	79.0	1500345728
1093	79.0	1500345728
1094	79.0	1500345728
1095	79.0	1500398464
1096	80.0	1500345728
1097	79.0	1500345728
1098	79.0	1500398464
1099	78.0	1500398464
1100	79.0	1500345728
1101	79.0	1500345728
1102	80.0	1500345728
1103	79.0	1500398464
1104	80.0	1500398464
1105	80.0	1500345728
1106	79.0	1500398464
1107	78.0	1500345728
1108	79.0	1500345728
1109	79.0	1500345728
1110	80.0	1500345728
1111	79.0	1500345728
1112	80.0	1500345728
1113	80.0	1500398464
1114	79.0	1500345728
1115	80.0	1500345728
1116	80.0	1500345728
1117	78.0	1500345728
1118	79.0	1500345728
1119	79.0	1500345728
1120	79.0	1500345728
1121	78.0	1500345728
1122	79.0	1500345728
1123	79.0	1500398464
1124	79.0	1500345728
1125	79.0	1500345728
1126	78.0	1500345728
1127	79.0	1500345728
1128	79.0	1500345728
1129	80.0	1500345728
1130	79.0	1500345728
1131	80.0	1500345728
1132	79.0	1500398464
1133	79.0	1500345728
1134	79.0	1500345728
1135	79.0	1500398464
1136	78.0	1500398464
1137	79.0	1500345728
1138	79.0	1500345728
1139	79.0	1500345728
1140	79.0	1500398464
1141	80.0	1500398464
1142	80.0	1500345728
1143	79.0	1500398464
1144	80.0	1500345728
1145	79.0	1500345728
1146	80.0	1500345728
1147	79.0	1500398464
1148	80.0	1500345728
1149	80.0	1500345728
1150	79.0	1500398464
1151	79.0	1500398464
1152	80.0	1500398464
1153	80.0	1500345728
1154	79.0	1500398464
1155	79.0	1500398464
1156	79.0	1500398464
1157	79.0	1500398464
1158	78.0	1500398464
1159	80.0	1500345728
1160	79.0	1500398464
1161	79.0	1500345728
1162	79.0	1500398464
1163	78.0	1500345728
1164	80.0	1500345728
1165	80.0	1500345728
1166	79.0	1500345728
1167	80.0	1500345728
1168	79.0	1500398464
1169	79.0	1500345728
1170	80.0	1500345728
1171	79.0	1500345728
1172	80.0	1500345728
1173	79.0	1500398464
1174	79.0	1500398464
1175	80.0	1500345728
1176	79.0	1500345728
1177	80.0	1500398464
1178	79.0	1500345728
1179	79.0	1500345728
1180	80.0	1500345728
1181	78.0	1500398464
1182	80.0	1500398464
1183	79.0	1500345728
1184	80.0	1500345728
1185	78.0	1500398464
1186	80.0	1500345728
1187	79.0	1500345728
1188	79.0	1500398464
1189	79.0	1500345728
1190	80.0	1500345728
1191	79.0	1500345728
1192	80.0	1500398464
1193	81.0	1500345728
1194	80.0	1500345728
1195	80.0	1500345728
1196	78.0	1500345728
1197	80.0	1500398464
1198	79.0	1500345728
1199	79.0	1500345728
1200	79.0	1500398464
1201	80.0	1500345728
1202	81.0	1500345728
1203	80.0	1500345728
1204	79.0	1500345728
1205	80.0	1500345728
1206	79.0	1500345728
1207	80.0	1500345728
1208	80.0	1500345728
1209	80.0	1500398464
1210	80.0	1500345728
1211	79.0	1500398464
1212	80.0	1500345728
1213	80.0	1500398464
1214	79.0	1500345728
1215	78.0	1500398464
1216	79.0	1500345728
1217	79.0	1500398464
1218	79.0	1500345728
1219	80.0	1500398464
1220	80.0	1500345728
1221	79.0	1500345728
1222	79.0	1500398464
1223	79.0	1500398464
1224	80.0	1500398464
1225	79.0	1500345728
1226	79.0	1500345728
1227	79.0	1500398464
1228	80.0	1500345728
1229	80.0	1500398464
1230	79.0	1500398464
1231	79.0	1500398464
1232	79.0	1500345728
1233	79.0	1500345728
1234	79.0	1500345728
1235	79.0	1500398464
1236	79.0	1500345728
1237	79.0	1500398464
1238	80.0	1500345728
1239	80.0	1500345728
1240	79.0	1500345728
1241	79.0	1500398464
1242	80.0	1500345728
1243	79.0	1500345728
1244	81.0	1500398464
1245	79.0	1500345728
1246	80.0	1500398464
1247	80.0	1500345728
1248	79.0	1500398464
1249	80.0	1500345728
1250	79.0	1500345728
1251	78.0	1500345728
1252	80.0	1500398464
1253	79.0	1500345728
1254	79.0	1500398464
1255	79.0	1500398464
1256	79.0	1500345728
1257	80.0	1500345728
1258	79.0	1500345728
1259	80.0	1500398464
1260	79.0	1500398464
1261	80.0	1500345728
1262	79.0	1500345728
1263	81.0	1500398464
1264	79.0	1500398464
1265	79.0	1500345728
1266	79.0	1500345728
1267	79.0	1500398464
1268	79.0	1500345728
1269	79.0	1500398464
1270	79.0	1500345728
1271	78.0	1500398464
1272	79.0	1500398464
1273	80.0	1500398464
1274	79.0	1500345728
1275	79.0	1500345728
1276	79.0	1500345728
1277	79.0	1500398464
1278	81.0	1500345728
1279	79.0	1500345728
1280	80.0	1500345728
1281	79.0	1500345728
1282	80.0	1500398464
1283	79.0	1500398464
1284	80.0	1500345728
1285	80.0	1500398464
1286	80.0	1500345728
1287	79.0	1500345728
1288	80.0	1500398464
1289	79.0	1500398464
1290	81.0	1500345728
1291	80.0	1500345728
1292	79.0	1500398464
1293	80.0	1500345728
1294	80.0	1500398464
1295	80.0	1500345728
1296	79.0	1500345728
1297	79.0	1500345728
1298	80.0	1500398464
1299	80.0	1500398464
1300	80.0	1500398464
1301	79.0	1500398464
1302	79.0	1500398464
1303	80.0	1500398464
1304	79.0	1500345728
1305	80.0	1500345728
1306	80.0	1500345728
1307	80.0	1500345728
1308	79.0	1500398464
1309	80.0	1500398464
1310	79.0	1500345728
1311	80.0	1500345728
1312	79.0	1500345728
1313	79.0	1500345728
1314	80.0	1500398464
1315	80.0	1500398464
1316	80.0	1500398464
1317	79.0	1500398464
1318	80.0	1500398464
1319	80.0	1500345728
1320	79.0	1500345728
1321	80.0	1500345728
1322	80.0	1500345728
1323	79.0	1500345728
1324	79.0	1500345728
1325	80.0	1500398464
1326	79.0	1500345728
1327	80.0	1500398464
1328	80.0	1500398464
1329	80.0	1500345728
1330	80.0	1500345728
1331	81.0	1500398464
1332	80.0	1500345728
1333	80.0	1500345728
1334	79.0	1500345728
1335	80.0	1500345728
1336	79.0	1500345728
1337	79.0	1500398464
1338	79.0	1500398464
1339	80.0	1500345728
1340	79.0	1500345728
1341	80.0	1500398464
1342	79.0	1500345728
1343	79.0	1500398464
1344	79.0	1500345728
1345	78.0	1500398464
1346	80.0	1500345728
1347	80.0	1500398464
1348	80.0	1500398464
1349	80.0	1500398464
1350	80.0	1500345728
1351	79.0	1500345728
1352	80.0	1500345728
1353	81.0	1500345728
1354	80.0	1500398464
1355	79.0	1500398464
1356	79.0	1500345728
1357	80.0	1500398464
1358	79.0	1500398464
1359	81.0	1500398464
1360	80.0	1500398464
1361	80.0	1500345728
1362	79.0	1500398464
1363	79.0	1500398464
1364	80.0	1500345728
1365	80.0	1500345728
1366	80.0	1500398464
1367	80.0	1500398464
1368	80.0	1500398464
1369	80.0	1500345728
1370	79.0	1500345728
1371	80.0	1500398464
1372	79.0	1500345728
1373	80.0	1500345728
1374	81.0	1500345728
1375	80.0	1500345728
1376	80.0	1500398464
1377	79.0	1500345728
1378	79.0	1500345728
1379	80.0	1500345728
1380	79.0	1500345728
1381	79.0	1500345728
1382	80.0	1500345728
1383	79.0	1500345728
1384	80.0	1500345728
1385	79.0	1500345728
1386	79.0	1500345728
1387	79.0	1500345728
1388	80.0	1500398464
1389	80.0	1500345728
1390	79.0	1500345728
1391	80.0	1500345728
1392	80.0	1500345728
1393	80.0	1500398464
1394	80.0	1500345728
1395	79.0	1500345728
1396	79.0	1500345728
1397	79.0	1500398464
1398	79.0	1500398464
1399	79.0	1500398464
1400	80.0	1500345728
1401	81.0	1500345728
1402	81.0	1500345728
1403	81.0	1500398464
1404	80.0	1500345728
1405	80.0	1500345728
1406	80.0	1500345728
1407	79.0	1500345728
1408	80.0	1500345728
1409	80.0	1500345728
1410	80.0	1500345728
1411	80.0	1500398464
1412	80.0	1500398464
1413	80.0	1500345728
1414	79.0	1500398464
1415	80.0	1500398464
1416	79.0	1500345728
1417	81.0	1500345728
1418	81.0	1500398464
1419	80.0	1500345728
1420	79.0	1500398464
1421	79.0	1500345728
1422	79.0	1500398464
1423	80.0	1500398464
1424	79.0	1500398464
1425	80.0	1500345728
1426	79.0	1500345728
1427	79.0	1500398464
1428	79.0	1500345728
1429	79.0	1500398464
1430	79.0	1500345728
1431	80.0	1500345728
1432	79.0	1500398464
1433	80.0	1500345728
1434	80.0	1500398464
1435	79.0	1500398464
1436	80.0	1500345728
1437	78.0	1500345728
1438	79.0	1500398464
1439	80.0	1500398464
1440	80.0	1500345728
1441	80.0	1500345728
1442	80.0	1500345728
1443	80.0	1500398464
1444	79.0	1500398464
1445	80.0	1500345728
1446	78.0	1500398464
1447	80.0	1500398464
1448	81.0	1500345728
1449	80.0	1500345728
1450	80.0	1500345728
1451	80.0	1500345728
1452	79.0	1500345728
1453	80.0	1500345728
1454	80.0	1500398464
1455	80.0	1500398464
1456	78.0	1500398464
1457	80.0	1500345728
1458	80.0	1500398464
1459	81.0	1500345728
1460	80.0	1500345728
1461	80.0	1500345728
1462	80.0	1500345728
1463	79.0	1500345728
1464	80.0	1500345728
1465	80.0	1500345728
1466	80.0	1500345728
1467	79.0	1500398464
1468	80.0	1500398464
1469	81.0	1500398464
1470	81.0	1500345728
1471	80.0	1500345728
1472	80.0	1500398464
1473	79.0	1500345728
1474	79.0	1500345728
1475	79.0	1500345728
1476	78.0	1500345728
1477	79.0	1500398464
1478	80.0	1500345728
1479	80.0	1500398464
1480	80.0	1500398464
1481	79.0	1500398464
1482	81.0	1500345728
1483	80.0	1500345728
1484	80.0	1500398464
1485	81.0	1500345728
1486	80.0	1500398464
1487	79.0	1500345728
1488	80.0	1500345728
1489	80.0	1500345728
1490	80.0	1500345728
1491	79.0	1500345728
1492	80.0	1500345728
1493	80.0	1500345728
1494	81.0	1500345728
1495	79.0	1500345728
1496	79.0	1500398464
1497	79.0	1500398464
1498	81.0	1500345728
1499	79.0	1500345728
1500	80.0	1500398464
1501	80.0	1500398464
1502	80.0	1500398464
1503	80.0	1500345728
1504	80.0	1500398464
1505	79.0	1500345728
1506	79.0	1500398464
1507	80.0	1500398464
1508	80.0	1500398464
1509	80.0	1500345728
1510	79.0	1500345728
1511	79.0	1500345728
1512	80.0	1500345728
1513	81.0	1500345728
1514	80.0	1500345728
1515	80.0	1500345728
1516	80.0	1500345728
1517	80.0	1500345728
1518	79.0	1500345728
1519	79.0	1500398464
1520	80.0	1500345728
1521	79.0	1500398464
1522	79.0	1500398464
1523	79.0	1500398464
1524	80.0	1500345728
1525	80.0	1500345728
1526	79.0	1500345728
1527	80.0	1500398464
1528	79.0	1500398464
1529	80.0	1500345728
1530	80.0	1500345728
1531	79.0	1500398464
1532	80.0	1500398464
1533	80.0	1500345728
1534	80.0	1500345728
1535	80.0	1500398464
1536	81.0	1500398464
1537	79.0	1500398464
1538	79.0	1500345728
1539	79.0	1500345728
1540	79.0	1500398464
1541	80.0	1500345728
1542	79.0	1500398464
1543	80.0	1500398464
1544	80.0	1500345728
1545	80.0	1500345728
1546	80.0	1500398464
1547	80.0	1500345728
1548	80.0	1500345728
1549	81.0	1500398464
1550	80.0	1500398464
1551	81.0	1500345728
1552	79.0	1500345728
1553	80.0	1500398464
1554	81.0	1500398464
1555	79.0	1500398464
1556	79.0	1500398464
1557	80.0	1500345728
1558	79.0	1500345728
1559	80.0	1500398464
1560	81.0	1500398464
1561	81.0	1500345728
1562	80.0	1500398464
1563	80.0	1500345728
1564	80.0	1500345728
1565	79.0	1500345728
1566	79.0	1500398464
1567	80.0	1500345728
1568	79.0	1500345728
1569	80.0	1500345728
1570	79.0	1500345728
1571	80.0	1500345728
1572	79.0	1500345728
1573	80.0	1500345728
1574	80.0	1500398464
1575	80.0	1500398464
1576	79.0	1500398464
1577	79.0	1500345728
1578	79.0	1500345728
1579	79.0	1500398464
1580	79.0	1500345728
1581	79.0	1500345728
1582	81.0	1500345728
1583	79.0	1500345728
1584	79.0	1500345728
1585	79.0	1500398464
1586	79.0	1500398464
1587	79.0	1500345728
1588	80.0	1500345728
1589	80.0	1500345728
1590	79.0	1500345728
1591	79.0	1500345728
1592	80.0	1500345728
1593	80.0	1500398464
1594	79.0	1500345728
1595	80.0	1500398464
1596	80.0	1500398464
1597	81.0	1500345728
1598	79.0	1500398464
1599	78.0	1500398464
1600	79.0	1500345728
1601	79.0	1500345728
1602	79.0	1500398464
1603	80.0	1500345728
1604	79.0	1500345728
1605	81.0	1500398464
1606	79.0	1500345728
1607	79.0	1500345728
1608	79.0	1500345728
1609	79.0	1500398464
1610	79.0	1500345728
1611	79.0	1500345728
1612	80.0	1500345728
1613	79.0	1500398464
1614	80.0	1500398464
1615	79.0	1500345728
1616	80.0	1500345728
1617	80.0	1500398464
1618	80.0	1500345728
1619	80.0	1500345728
1620	79.0	1500398464
1621	80.0	1500345728
1622	79.0	1500345728
1623	80.0	1500398464
1624	80.0	1500345728
1625	79.0	1500398464
1626	79.0	1500345728
1627	79.0	1500398464
1628	79.0	1500345728
1629	79.0	1500345728
1630	80.0	1500345728
1631	79.0	1500398464
1632	79.0	1500345728
1633	80.0	1500398464
1634	80.0	1500398464
1635	80.0	1500345728
1636	79.0	1500398464
1637	78.0	1500345728
1638	79.0	1500398464
1639	80.0	1500345728
1640	79.0	1500345728
1641	79.0	1500345728
1642	79.0	1500398464
1643	79.0	1500345728
1644	80.0	1500345728
1645	80.0	1500398464
1646	80.0	1500398464
1647	79.0	1500398464
1648	78.0	1500345728
1649	79.0	1500398464
1650	79.0	1500398464
1651	80.0	1500398464
1652	79.0	1500398464
1653	79.0	1500345728
1654	80.0	1500345728
1655	80.0	1500398464
1656	81.0	1500398464
1657	80.0	1500345728
1658	80.0	1500345728
1659	80.0	1500398464
1660	79.0	1500345728
1661	80.0	1500345728
1662	81.0	1500398464
1663	80.0	1500345728
1664	80.0	1500398464
1665	79.0	1500345728
1666	80.0	1500398464
1667	80.0	1500398464
1668	80.0	1500345728
1669	79.0	1500398464
1670	80.0	1500345728
1671	80.0	1500398464
1672	80.0	1500398464
1673	79.0	1500345728
1674	80.0	1500345728
1675	80.0	1500398464
1676	79.0	1500398464
1677	79.0	1500345728
1678	80.0	1500345728
1679	80.0	1500345728
1680	79.0	1500345728
1681	79.0	1500398464
1682	80.0	1500345728
1683	79.0	1500345728
1684	80.0	1500398464
1685	79.0	1500345728
1686	80.0	1500398464
1687	78.0	1500398464
1688	79.0	1500345728
1689	79.0	1500345728
1690	80.0	1500345728
1691	79.0	1500345728
1692	79.0	1500398464
1693	79.0	1500345728
1694	78.0	1500398464
1695	79.0	1500398464
1696	80.0	1500345728
1697	79.0	1500398464
1698	79.0	1500398464
1699	79.0	1500345728
1700	79.0	1500345728
1701	79.0	1500345728
1702	80.0	1500398464
1703	79.0	1500398464
1704	79.0	1500345728
1705	79.0	1500398464
1706	79.0	1500345728
1707	79.0	1500345728
1708	79.0	1500345728
1709	79.0	1500345728
1710	80.0	1500345728
1711	78.0	1500345728
1712	79.0	1500398464
1713	80.0	1500345728
1714	78.0	1500345728
1715	79.0	1500345728
1716	80.0	1500345728
1717	79.0	1500398464
1718	80.0	1500398464
1719	80.0	1500345728
1720	80.0	1500345728
1721	80.0	1500345728
1722	81.0	1500398464
1723	80.0	1500398464
1724	80.0	1500345728
1725	80.0	1500345728
1726	79.0	1500345728
1727	79.0	1500345728
1728	80.0	1500398464
1729	80.0	1500398464
1730	80.0	1500345728
1731	79.0	1500345728
1732	80.0	1500398464
1733	79.0	1500345728
1734	80.0	1500398464
1735	80.0	1500345728
1736	80.0	1500345728
1737	78.0	1500398464
1738	79.0	1500345728
1739	80.0	1500345728
1740	80.0	1500398464
1741	79.0	1500345728
1742	79.0	1500345728
1743	78.0	1500345728
1744	79.0	1500345728
1745	80.0	1500398464
1746	81.0	1500345728
1747	80.0	1500345728
1748	80.0	1500345728
1749	80.0	1500345728
1750	79.0	1500345728
1751	79.0	1500345728
1752	79.0	1500398464
1753	80.0	1500398464
1754	79.0	1500345728
1755	79.0	1500345728
1756	80.0	1500345728
1757	79.0	1500345728
1758	79.0	1500345728
1759	79.0	1500345728
1760	80.0	1500398464
1761	80.0	1500345728
1762	79.0	1500398464
1763	79.0	1500345728
1764	79.0	1500345728
1765	78.0	1500345728
1766	80.0	1500345728
1767	79.0	1500345728
1768	80.0	1500345728
1769	80.0	1500345728
1770	79.0	1500345728
1771	79.0	1500398464
1772	80.0	1500398464
1773	79.0	1500398464
1774	79.0	1500398464
1775	79.0	1500345728
1776	80.0	1500398464
1777	79.0	1500398464
1778	80.0	1500345728
1779	80.0	1500345728
1780	79.0	1500345728
1781	79.0	1500345728
1782	79.0	1500345728
1783	79.0	1500398464
1784	80.0	1500345728
1785	79.0	1500345728
1786	80.0	1500345728
1787	80.0	1500345728
1788	79.0	1500345728
1789	81.0	1500345728
1790	79.0	1500345728
1791	80.0	1500345728
1792	79.0	1500398464
1793	79.0	1500345728
1794	79.0	1500345728
1795	79.0	1500345728
1796	79.0	1500398464
1797	79.0	1500345728
1798	80.0	1500345728
1799	80.0	1500345728
1800	79.0	1500398464
1801	79.0	1500398464
1802	80.0	1500345728
1803	79.0	1500398464
1804	80.0	1500345728
1805	79.0	1500398464
1806	80.0	1500345728
1807	80.0	1500398464
1808	80.0	1500345728
1809	79.0	1500398464
1810	79.0	1500345728
1811	81.0	1500398464
1812	80.0	1500345728
1813	79.0	1500398464
1814	81.0	1500398464
1815	79.0	1500398464
1816	79.0	1500345728
1817	80.0	1500345728
1818	81.0	1500398464
1819	80.0	1500345728
1820	80.0	1500398464
1821	80.0	1500345728
1822	79.0	1500345728
1823	80.0	1500345728
1824	80.0	1500345728
1825	79.0	1500345728
1826	81.0	1500345728
1827	81.0	1500345728
1828	80.0	1500345728
1829	81.0	1500398464
1830	80.0	1500345728
1831	79.0	1500345728
1832	80.0	1500398464
1833	80.0	1500345728
1834	81.0	1500398464
1835	80.0	1500398464
1836	79.0	1500345728
1837	79.0	1500345728
1838	80.0	1500345728
1839	81.0	1500345728
1840	80.0	1500398464
1841	79.0	1500398464
1842	79.0	1500345728
1843	79.0	1500398464
1844	79.0	1500345728
1845	80.0	1500345728
1846	79.0	1500345728
1847	79.0	1500345728
1848	80.0	1500398464
1849	79.0	1500398464
1850	80.0	1500345728
1851	80.0	1500345728
1852	80.0	1500345728
1853	79.0	1500398464
1854	80.0	1500398464
1855	79.0	1500398464
1856	81.0	1500345728
1857	80.0	1500345728
1858	80.0	1500398464
1859	80.0	1500398464
1860	79.0	1500345728
1861	80.0	1500345728
1862	80.0	1500345728
1863	78.0	1500345728
1864	79.0	1500345728
1865	79.0	1500345728
1866	80.0	1500345728
1867	80.0	1500345728
1868	80.0	1500345728
1869	79.0	1500398464
1870	80.0	1500345728
1871	80.0	1500345728
1872	80.0	1500398464
1873	80.0	1500345728
1874	78.0	1500398464
1875	79.0	1500398464
1876	80.0	1500345728
1877	80.0	1500398464
1878	80.0	1500398464
1879	80.0	1500345728
1880	79.0	1500345728
1881	80.0	1500398464
1882	80.0	1500398464
1883	80.0	1500398464
1884	79.0	1500345728
1885	79.0	1500398464
1886	80.0	1500345728
1887	80.0	1500398464
1888	79.0	1500398464
1889	80.0	1500398464
1890	80.0	1500345728
1891	81.0	1500398464
1892	80.0	1500345728
1893	79.0	1500398464
1894	79.0	1500345728
1895	79.0	1500345728
1896	81.0	1500398464
1897	80.0	1500398464
1898	81.0	1500345728
1899	80.0	1500345728
1900	80.0	1500345728
1901	80.0	1500345728
1902	81.0	1500345728
1903	80.0	1500345728
1904	80.0	1500345728
1905	80.0	1500345728
1906	79.0	1500345728
1907	79.0	1500345728
1908	80.0	1500345728
1909	80.0	1500345728
1910	79.0	1500398464
1911	80.0	1500345728
1912	81.0	1500345728
1913	80.0	1500398464
1914	80.0	1500345728
1915	80.0	1500345728
1916	80.0	1500345728
1917	79.0	1500398464
1918	81.0	1500345728
1919	79.0	1500345728
1920	81.0	1500398464
1921	80.0	1500398464
1922	80.0	1500345728
1923	80.0	1500398464
1924	79.0	1500345728
1925	80.0	1500345728
1926	80.0	1500345728
1927	80.0	1500345728
1928	80.0	1500345728
1929	80.0	1500398464
1930	81.0	1500398464
1931	81.0	1500345728
1932	81.0	1500345728
1933	79.0	1500398464
1934	80.0	1500398464
1935	80.0	1500398464
1936	80.0	1500345728
1937	80.0	1500345728
1938	80.0	1500345728
1939	80.0	1500345728
1940	80.0	1500398464
1941	80.0	1500345728
1942	79.0	1500398464
1943	80.0	1500345728
1944	80.0	1500398464
1945	80.0	1500398464
1946	79.0	1500345728
1947	81.0	1500345728
1948	80.0	1500345728
1949	80.0	1500345728
1950	78.0	1500398464
1951	80.0	1500398464
1952	80.0	1500398464
1953	80.0	1500345728
1954	80.0	1500398464
1955	80.0	1500345728
1956	80.0	1500345728
1957	79.0	1500345728
1958	80.0	1500398464
1959	79.0	1500398464
1960	80.0	1500345728
1961	79.0	1500398464
1962	78.0	1500345728
1963	81.0	1500345728
1964	79.0	1500345728
1965	81.0	1500398464
1966	79.0	1500345728
1967	80.0	1500345728
1968	80.0	1500398464
1969	79.0	1500398464
1970	80.0	1500398464
1971	81.0	1500345728
1972	80.0	1500345728
1973	79.0	1500398464
1974	79.0	1500398464
1975	80.0	1500345728
1976	78.0	1500398464
1977	79.0	1500398464
1978	80.0	1500398464
1979	79.0	1500398464
1980	80.0	1500345728
1981	79.0	1500345728
1982	80.0	1500345728
1983	79.0	1500345728
1984	80.0	1500398464
1985	80.0	1500398464
1986	80.0	1500345728
1987	79.0	1500345728
1988	80.0	1500398464
1989	80.0	1500345728
1990	79.0	1500345728
1991	81.0	1500345728
1992	80.0	1500398464
1993	80.0	1500345728
1994	80.0	1500345728
1995	79.0	1500398464
1996	80.0	1500345728
1997	79.0	1500345728
1998	81.0	1500345728
1999	79.0	1500398464
2000	80.0	1500398464
2001	81.0	1500345728
2002	80.0	1500345728
2003	80.0	1500398464
2004	80.0	1500345728
2005	80.0	1500345728
2006	80.0	1500345728
2007	79.0	1500398464
2008	80.0	1500345728
2009	79.0	1500398464
2010	80.0	1500398464
2011	80.0	1500345728
2012	81.0	1500398464
2013	79.0	1500345728
2014	80.0	1500345728
2015	80.0	1500345728
2016	80.0	1500398464
2017	81.0	1500345728
2018	80.0	1500345728
2019	79.0	1500398464
2020	80.0	1500398464
2021	80.0	1500345728
2022	80.0	1500345728
2023	79.0	1500398464
2024	80.0	1500345728
2025	79.0	1500345728
2026	80.0	1500398464
2027	79.0	1500345728
2028	80.0	1500345728
2029	79.0	1500345728
2030	79.0	1500345728
2031	80.0	1500398464
2032	79.0	1500398464
2033	79.0	1500345728
2034	80.0	1500398464
2035	80.0	1500345728
2036	79.0	1500345728
2037	80.0	1500398464
2038	80.0	1500345728
2039	80.0	1500345728
2040	80.0	1500345728
2041	80.0	1500398464
2042	80.0	1500345728
2043	79.0	1500345728
2044	80.0	1500345728
2045	80.0	1500345728
2046	80.0	1500398464
2047	80.0	1500345728
2048	80.0	1500345728
2049	79.0	1500345728
2050	79.0	1500345728
2051	80.0	1500345728
2052	80.0	1500345728
2053	80.0	1500398464
2054	80.0	1500398464
2055	79.0	1500398464
2056	79.0	1500345728
2057	80.0	1500345728
2058	80.0	1500398464
2059	80.0	1500345728
2060	79.0	1500345728
2061	79.0	1500345728
2062	80.0	1500345728
2063	80.0	1500345728
2064	80.0	1500398464
2065	80.0	1500345728
2066	81.0	1500398464
2067	80.0	1500345728
2068	80.0	1500398464
2069	81.0	1500345728
2070	80.0	1500345728
2071	80.0	1500345728
2072	80.0	1500345728
2073	79.0	1500345728
2074	80.0	1500398464
2075	80.0	1500345728
2076	80.0	1500398464
2077	80.0	1500345728
2078	80.0	1500345728
2079	79.0	1500345728
2080	80.0	1500398464
2081	79.0	1500345728
2082	80.0	1500345728
2083	80.0	1500398464
2084	80.0	1500398464
2085	80.0	1500345728
2086	79.0	1500345728
2087	79.0	1500345728
2088	80.0	1500345728
2089	79.0	1500345728
2090	81.0	1500398464
2091	79.0	1500398464
2092	79.0	1500398464
2093	80.0	1500345728
2094	80.0	1500398464
2095	80.0	1500345728
2096	80.0	1500345728
2097	81.0	1500398464
2098	79.0	1500345728
2099	79.0	1500398464
2100	80.0	1500398464
2101	81.0	1500345728
2102	79.0	1500345728
2103	80.0	1500345728
2104	80.0	1500345728
2105	79.0	1500345728
2106	80.0	1500345728
2107	80.0	1500345728
2108	80.0	1500345728
2109	80.0	1500398464
2110	80.0	1500345728
2111	80.0	1500398464
2112	80.0	1500345728
2113	80.0	1500345728
2114	81.0	1500398464
2115	79.0	1500345728
2116	80.0	1500345728
2117	80.0	1500345728
2118	79.0	1500345728
2119	80.0	1500345728
2120	79.0	1500345728
2121	80.0	1500398464
2122	80.0	1500345728
2123	80.0	1500345728
2124	79.0	1500398464
2125	80.0	1500345728
2126	80.0	1500398464
2127	79.0	1500345728
2128	80.0	1500345728
2129	80.0	1500398464
2130	80.0	1500398464
2131	80.0	1500398464
2132	80.0	1500398464
2133	80.0	1500398464
2134	80.0	1500398464
2135	79.0	1500398464
2136	80.0	1500398464
2137	80.0	1500345728
2138	79.0	1500345728
2139	79.0	1500398464
2140	80.0	1500398464
2141	80.0	1500345728
2142	80.0	1500345728
2143	80.0	1500398464
2144	80.0	1500398464
2145	79.0	1500345728
2146	80.0	1500345728
2147	80.0	1500398464
2148	81.0	1500345728
2149	80.0	1500398464
2150	80.0	1500398464
2151	79.0	1500398464
2152	80.0	1500398464
2153	80.0	1500345728
2154	79.0	1500398464
2155	80.0	1500345728
2156	80.0	1500398464
2157	80.0	1500345728
2158	79.0	1500345728
2159	79.0	1500345728
2160	79.0	1500345728
2161	80.0	1500398464
2162	79.0	1500345728
2163	80.0	1500345728
2164	80.0	1500398464
2165	79.0	1500345728
2166	79.0	1500345728
2167	80.0	1500345728
2168	79.0	1500345728
2169	80.0	1500398464
2170	80.0	1500398464
2171	80.0	1500398464
2172	80.0	1500345728
2173	80.0	1500345728
2174	79.0	1500345728
2175	80.0	1500398464
2176	80.0	1500398464
2177	80.0	1500345728
2178	80.0	1500398464
2179	80.0	1500345728
2180	81.0	1500398464
2181	82.0	1500398464
2182	80.0	1500398464
2183	79.0	1500345728
2184	80.0	1500398464
2185	80.0	1500345728
2186	80.0	1500345728
2187	80.0	1500398464
2188	80.0	1500345728
2189	80.0	1500345728
2190	79.0	1500398464
2191	79.0	1500398464
2192	80.0	1500345728
2193	79.0	1500345728
2194	79.0	1500345728
2195	79.0	1500345728
2196	80.0	1500345728
2197	80.0	1500345728
2198	80.0	1500345728
2199	80.0	1500398464
2200	79.0	1500398464
2201	79.0	1500345728
2202	80.0	1500398464
2203	80.0	1500398464
2204	79.0	1500345728
2205	79.0	1500398464
2206	79.0	1500345728
2207	80.0	1500398464
2208	80.0	1500398464
2209	79.0	1500345728
2210	79.0	1500398464
2211	80.0	1500345728
2212	79.0	1500398464
2213	80.0	1500345728
2214	80.0	1500345728
2215	80.0	1500345728
2216	80.0	1500398464
2217	80.0	1500345728
2218	79.0	1500345728
2219	80.0	1500398464
2220	79.0	1500345728
2221	80.0	1500398464
2222	80.0	1500398464
2223	79.0	1500345728
2224	79.0	1500345728
2225	80.0	1500345728
2226	79.0	1500345728
2227	80.0	1500398464
2228	79.0	1500345728
2229	79.0	1500398464
2230	79.0	1500398464
2231	79.0	1500345728
2232	80.0	1500398464
2233	79.0	1500398464
2234	80.0	1500345728
2235	79.0	1500345728
2236	80.0	1500345728
2237	80.0	1500398464
2238	79.0	1500345728
2239	80.0	1500345728
2240	79.0	1500398464
2241	80.0	1500398464
2242	81.0	1500398464
2243	80.0	1500398464
2244	79.0	1500398464
2245	79.0	1500345728
2246	80.0	1500345728
2247	80.0	1500345728
2248	79.0	1500398464
2249	80.0	1500345728
2250	79.0	1500345728
2251	81.0	1500345728
2252	79.0	1500398464
2253	80.0	1500345728
2254	80.0	1500398464
2255	80.0	1500398464
2256	79.0	1500345728
2257	80.0	1500398464
2258	80.0	1500345728
2259	80.0	1500398464
2260	80.0	1500398464
2261	79.0	1500398464
2262	80.0	1500398464
2263	80.0	1500345728
2264	80.0	1500345728
2265	80.0	1500345728
2266	79.0	1500345728
2267	80.0	1500345728
2268	80.0	1500345728
2269	79.0	1500345728
2270	80.0	1500345728
2271	80.0	1500345728
2272	80.0	1500345728
2273	79.0	1500345728
2274	79.0	1500398464
2275	79.0	1500398464
2276	80.0	1500398464
2277	80.0	1500345728
2278	80.0	1500345728
2279	80.0	1500345728
2280	79.0	1500345728
2281	80.0	1500345728
2282	80.0	1500398464
2283	79.0	1500398464
2284	79.0	1500345728
2285	80.0	1500398464
2286	79.0	1500398464
2287	81.0	1500345728
2288	79.0	1500345728
2289	80.0	1500345728
2290	79.0	1500398464
2291	80.0	1500345728
2292	80.0	1500398464
2293	79.0	1500345728
2294	79.0	1500345728
2295	79.0	1500345728
2296	79.0	1500398464
2297	81.0	1500345728
2298	79.0	1500398464
2299	80.0	1500345728
2300	79.0	1500345728
2301	80.0	1500345728
2302	80.0	1500398464
2303	80.0	1500398464
2304	80.0	1500398464
2305	79.0	1500398464
2306	79.0	1500345728
2307	80.0	1500345728
2308	79.0	1500345728
2309	79.0	1500345728
2310	79.0	1500398464
2311	80.0	1500345728
2312	80.0	1500345728
2313	80.0	1500345728
2314	80.0	1500345728
2315	79.0	1500398464
2316	80.0	1500398464
2317	79.0	1500345728
2318	80.0	1500398464
2319	79.0	1500398464
2320	80.0	1500345728
2321	80.0	1500345728
2322	80.0	1500345728
2323	79.0	1500345728
2324	80.0	1500398464
2325	79.0	1500345728
2326	80.0	1500398464
2327	80.0	1500398464
2328	80.0	1500398464
2329	80.0	1500345728
2330	79.0	1500398464
2331	80.0	1500345728
2332	80.0	1500345728
2333	80.0	1500398464
2334	80.0	1500345728
2335	79.0	1500345728
2336	81.0	1500345728
2337	80.0	1500345728
2338	81.0	1500398464
2339	80.0	1500345728
2340	79.0	1500398464
2341	80.0	1500398464
2342	81.0	1500398464
2343	80.0	1500345728
2344	80.0	1500398464
2345	80.0	1500345728
2346	81.0	1500398464
2347	80.0	1500398464
2348	79.0	1500398464
2349	80.0	1500345728
2350	80.0	1500345728
2351	80.0	1500398464
2352	80.0	1500345728
2353	80.0	1500398464
2354	80.0	1500345728
2355	80.0	1500345728
2356	79.0	1500398464
2357	80.0	1500345728
2358	80.0	1500398464
2359	80.0	1500345728
2360	80.0	1500345728
2361	81.0	1500398464
2362	81.0	1500398464
2363	80.0	1500398464
2364	80.0	1500398464
2365	81.0	1500398464
2366	80.0	1500398464
2367	80.0	1500345728
2368	80.0	1500398464
2369	82.0	1500345728
2370	80.0	1500345728
2371	80.0	1500345728
2372	79.0	1500398464
2373	79.0	1500345728
2374	80.0	1500398464
2375	79.0	1500398464
2376	80.0	1500345728
2377	80.0	1500398464
2378	80.0	1500398464
2379	80.0	1500345728
2380	80.0	1500345728
2381	80.0	1500345728
2382	81.0	1500398464
2383	81.0	1500345728
2384	80.0	1500345728
2385	81.0	1500345728
2386	80.0	1500398464
2387	80.0	1500345728
2388	80.0	1500345728
2389	80.0	1500345728
2390	80.0	1500398464
2391	81.0	1500345728
2392	80.0	1500345728
2393	79.0	1500345728
2394	82.0	1500345728
2395	81.0	1500398464
2396	80.0	1500398464
2397	81.0	1500398464
2398	79.0	1500398464
2399	80.0	1500345728
2400	81.0	1500398464
2401	80.0	1500345728
2402	80.0	1500345728
2403	81.0	1500345728
2404	80.0	1500345728
2405	80.0	1500398464
2406	80.0	1500345728
2407	80.0	1500345728
2408	81.0	1500345728
2409	81.0	1500345728
2410	81.0	1500398464
2411	80.0	1500345728
2412	81.0	1500398464
2413	80.0	1500345728
2414	79.0	1500398464
2415	78.0	1500345728
2416	80.0	1500398464
2417	80.0	1500345728
2418	79.0	1500345728
2419	79.0	1500345728
2420	80.0	1500398464
2421	80.0	1500345728
2422	80.0	1500345728
2423	79.0	1500345728
2424	80.0	1500398464
2425	80.0	1500345728
2426	80.0	1500345728
2427	80.0	1500398464
2428	80.0	1500398464
2429	80.0	1500345728
2430	80.0	1500345728
2431	79.0	1500398464
2432	81.0	1500398464
2433	81.0	1500345728
2434	80.0	1500398464
2435	79.0	1500345728
2436	81.0	1500345728
2437	79.0	1500345728
2438	80.0	1500398464
2439	81.0	1500398464
2440	80.0	1500398464
2441	80.0	1500345728
2442	81.0	1500398464
2443	80.0	1500398464
2444	79.0	1500398464
2445	79.0	1500345728
2446	81.0	1500345728
2447	80.0	1500345728
2448	81.0	1500345728
2449	80.0	1500345728
2450	80.0	1500345728
2451	81.0	1500398464
2452	79.0	1500345728
2453	80.0	1500398464
2454	80.0	1500398464
2455	79.0	1500398464
2456	80.0	1500345728
2457	80.0	1500345728
2458	80.0	1500345728
2459	81.0	1500345728
2460	80.0	1500345728
2461	80.0	1500398464
2462	79.0	1500398464
2463	79.0	1500398464
2464	80.0	1500398464
2465	81.0	1500398464
2466	80.0	1500345728
2467	80.0	1500398464
2468	80.0	1500345728
2469	80.0	1500345728
2470	81.0	1500345728
2471	80.0	1500398464
2472	80.0	1500398464
2473	80.0	1500398464
2474	80.0	1500345728
2475	79.0	1500345728
2476	79.0	1500398464
2477	80.0	1500345728
2478	80.0	1500345728
2479	79.0	1500398464
2480	80.0	1500345728
2481	80.0	1500345728
2482	79.0	1500345728
2483	80.0	1500345728
2484	80.0	1500345728
2485	78.0	1500398464
2486	80.0	1500345728
2487	80.0	1500345728
2488	79.0	1500398464
2489	80.0	1500398464
2490	79.0	1500398464
2491	80.0	1500345728
2492	80.0	1500398464
2493	80.0	1500345728
2494	81.0	1500345728
2495	79.0	1500345728
2496	80.0	1500398464
2497	80.0	1500345728
2498	81.0	1500398464
2499	79.0	1500398464
2500	79.0	1500398464
2501	80.0	1500345728
2502	80.0	1500345728
2503	80.0	1500398464
2504	80.0	1500345728
2505	80.0	1500345728
2506	80.0	1500398464
2507	79.0	1500398464
2508	80.0	1500398464
2509	80.0	1500345728
2510	80.0	1500345728
2511	81.0	1500398464
2512	81.0	1500345728
2513	80.0	1500345728
2514	80.0	1500398464
2515	80.0	1500345728
2516	80.0	1500345728
2517	80.0	1500345728
2518	80.0	1500345728
2519	80.0	1500345728
2520	80.0	1500398464
2521	79.0	1500398464
2522	79.0	1500398464
2523	79.0	1500345728
2524	79.0	1500345728
2525	80.0	1500345728
2526	79.0	1500345728
2527	80.0	1500345728
2528	80.0	1500398464
2529	79.0	1500345728
2530	80.0	1500345728
2531	80.0	1500345728
2532	80.0	1500398464
2533	80.0	1500345728
2534	80.0	1500398464
2535	80.0	1500398464
2536	81.0	1500345728
2537	80.0	1500398464
2538	79.0	1500345728
2539	81.0	1500345728
2540	80.0	1500345728
2541	80.0	1500398464
2542	79.0	1500345728
2543	80.0	1500398464
2544	80.0	1500398464
2545	80.0	1500398464
2546	80.0	1500398464
2547	80.0	1500398464
2548	80.0	1500398464
2549	79.0	1500345728
2550	80.0	1500398464
2551	79.0	1500345728
2552	80.0	1500398464
2553	79.0	1500345728
2554	78.0	1500398464
2555	81.0	1500398464
2556	79.0	1500345728
2557	79.0	1500398464
2558	80.0	1500345728
2559	80.0	1500345728
2560	80.0	1500398464
2561	80.0	1500345728
2562	80.0	1500345728
2563	80.0	1500345728
2564	79.0	1500345728
2565	80.0	1500398464
2566	79.0	1500398464
2567	79.0	1500345728
2568	80.0	1500345728
2569	80.0	1500345728
2570	79.0	1500398464
2571	80.0	1500398464
2572	79.0	1500398464
2573	80.0	1500345728
2574	79.0	1500398464
2575	79.0	1500345728
2576	79.0	1500345728
2577	80.0	1500345728
2578	80.0	1500345728
2579	79.0	1500345728
2580	79.0	1500345728
2581	79.0	1500398464
2582	79.0	1500345728
2583	80.0	1500398464
2584	79.0	1500345728
2585	80.0	1500345728
2586	80.0	1500345728
2587	80.0	1500345728
2588	79.0	1500398464
2589	79.0	1500345728
2590	79.0	1500345728
2591	79.0	1500345728
2592	79.0	1500345728
2593	79.0	1500398464
2594	80.0	1500345728
2595	79.0	1500345728
2596	80.0	1500345728
2597	79.0	1500345728
2598	79.0	1500345728
2599	80.0	1500345728
2600	80.0	1500398464
2601	80.0	1500345728
2602	80.0	1500345728
2603	80.0	1500345728
2604	79.0	1500345728
2605	79.0	1500345728
2606	79.0	1500345728
2607	80.0	1500345728
2608	79.0	1500398464
2609	80.0	1500345728
2610	80.0	1500345728
2611	79.0	1500398464
2612	81.0	1500345728
2613	80.0	1500398464
2614	78.0	1500345728
2615	79.0	1500398464
2616	79.0	1500398464
2617	79.0	1500398464
2618	80.0	1500345728
2619	80.0	1500345728
2620	79.0	1500398464
2621	80.0	1500398464
2622	80.0	1500398464
2623	80.0	1500398464
2624	80.0	1500345728
2625	80.0	1500398464
2626	79.0	1500345728
2627	81.0	1500345728
2628	80.0	1500345728
2629	80.0	1500398464
2630	79.0	1500398464
2631	79.0	1500398464
2632	80.0	1500345728
2633	80.0	1500398464
2634	79.0	1500398464
2635	80.0	1500398464
2636	79.0	1500345728
2637	80.0	1500345728
2638	79.0	1500398464
2639	79.0	1500345728
2640	80.0	1500398464
2641	80.0	1500398464
2642	79.0	1500398464
2643	81.0	1500345728
2644	80.0	1500345728
2645	80.0	1500345728
2646	79.0	1500345728
2647	80.0	1500345728
2648	80.0	1500398464
2649	80.0	1500345728
2650	79.0	1500345728
2651	79.0	1500398464
2652	79.0	1500345728
2653	80.0	1500398464
2654	80.0	1500345728
2655	79.0	1500398464
2656	80.0	1500345728
2657	79.0	1500345728
2658	79.0	1500398464
2659	80.0	1500345728
2660	80.0	1500345728
2661	79.0	1500345728
2662	80.0	1500345728
2663	80.0	1500345728
2664	81.0	1500345728
2665	79.0	1500398464
2666	80.0	1500345728
2667	81.0	1500398464
2668	80.0	1500345728
2669	80.0	1500398464
2670	80.0	1500345728
2671	80.0	1500345728
2672	80.0	1500398464
2673	80.0	1500345728
2674	79.0	1500398464
2675	80.0	1500345728
2676	80.0	1500398464
2677	80.0	1500345728
2678	80.0	1500345728
2679	80.0	1500398464
2680	80.0	1500398464
2681	80.0	1500345728
2682	80.0	1500345728
2683	79.0	1500345728
2684	80.0	1500398464
2685	79.0	1500345728
2686	80.0	1500345728
2687	79.0	1500345728
2688	80.0	1500345728
2689	80.0	1500398464
2690	80.0	1500345728
2691	80.0	1500345728
2692	80.0	1500345728
2693	81.0	1500345728
2694	79.0	1500398464
2695	78.0	1500345728
2696	80.0	1500345728
2697	80.0	1500345728
2698	78.0	1500398464
2699	80.0	1500398464
2700	80.0	1500345728
2701	80.0	1500398464
2702	79.0	1500345728
2703	80.0	1500398464
2704	80.0	1500345728
2705	80.0	1500398464
2706	80.0	1500398464
2707	79.0	1500345728
2708	79.0	1500398464
2709	80.0	1500398464
2710	80.0	1500345728
2711	80.0	1500398464
2712	80.0	1500398464
2713	79.0	1500398464
2714	79.0	1500345728
2715	79.0	1500345728
2716	80.0	1500398464
2717	80.0	1500398464
2718	79.0	1500398464
2719	80.0	1500398464
2720	80.0	1500398464
2721	78.0	1500345728
2722	79.0	1500345728
2723	80.0	1500345728
2724	79.0	1500345728
2725	80.0	1500398464
2726	79.0	1500345728
2727	78.0	1500345728
2728	79.0	1500345728
2729	79.0	1500345728
2730	79.0	1500398464
2731	79.0	1500398464
2732	79.0	1500398464
2733	79.0	1500345728
2734	79.0	1500345728
2735	79.0	1500345728
2736	79.0	1500398464
2737	80.0	1500345728
2738	80.0	1500345728
2739	80.0	1500345728
2740	80.0	1500398464
2741	79.0	1500345728
2742	80.0	1500398464
2743	80.0	1500398464
2744	79.0	1500345728
2745	80.0	1500398464
2746	79.0	1500398464
2747	80.0	1500398464
2748	79.0	1500398464
2749	80.0	1500398464
2750	79.0	1500345728
2751	79.0	1500345728
2752	79.0	1500345728
2753	79.0	1500398464
2754	80.0	1500345728
2755	79.0	1500398464
2756	80.0	1500398464
2757	80.0	1500345728
2758	80.0	1500345728
2759	79.0	1500345728
2760	79.0	1500398464
2761	81.0	1500398464
2762	79.0	1500345728
2763	79.0	1500345728
2764	79.0	1500398464
2765	80.0	1500345728
2766	79.0	1500398464
2767	80.0	1500345728
2768	79.0	1500345728
2769	80.0	1500398464
2770	80.0	1500345728
2771	79.0	1500345728
2772	80.0	1500398464
2773	79.0	1500398464
2774	79.0	1500398464
2775	80.0	1500345728
2776	79.0	1500398464
2777	80.0	1500398464
2778	80.0	1500398464
2779	79.0	1500398464
2780	78.0	1000212864
2781	77.0	1500345728
2782	76.0	1500345728
2783	75.0	1500398464
2784	76.0	1500345728
2785	74.0	1500345728
2786	75.0	1500398464
2787	74.0	1500398464
2788	73.0	1500398464
2789	74.0	1500398464
2790	73.0	1500398464
2791	74.0	1500398464
2792	74.0	1500345728
2793	73.0	1500345728
2794	73.0	1500398464
2795	74.0	1500398464
2796	73.0	1500345728
2797	72.0	1500345728
2798	73.0	1500398464
2799	73.0	1500398464
2800	73.0	1500345728
2801	73.0	1500345728
2802	73.0	1500345728
2803	73.0	1500345728
2804	76.0	1500398464
2805	75.0	1500398464
2806	76.0	1500345728
2807	76.0	1500345728
2808	76.0	1500345728
2809	75.0	1500398464
2810	76.0	1500398464
2811	77.0	1500345728
2812	77.0	1500398464
2813	75.0	1500398464
2814	77.0	1500345728
2815	78.0	1500345728
2816	77.0	1500398464
2817	78.0	1500345728
2818	78.0	1500398464
2819	78.0	1500398464
2820	77.0	1500345728
2821	78.0	1500345728
2822	78.0	1500345728
2823	78.0	1500345728
2824	78.0	1500345728
2825	78.0	1500345728
2826	77.0	1500345728
2827	78.0	1500398464
2828	78.0	1500345728
2829	79.0	1500345728
2830	78.0	1500345728
2831	78.0	1500398464
2832	78.0	1500345728
2833	77.0	1500345728
2834	77.0	1500345728
2835	78.0	1500345728
2836	78.0	1500398464
2837	78.0	1500398464
2838	78.0	1500398464
2839	75.0	750199232
2840	77.0	1500398464
2841	77.0	1500345728
2842	77.0	1500345728
2843	78.0	1500345728
2844	78.0	1500398464
2845	77.0	1500345728
2846	78.0	1500345728
2847	77.0	1500345728
2848	77.0	1500345728
2849	79.0	1500345728
2850	79.0	1500345728
2851	79.0	1500398464
2852	78.0	1500398464
2853	78.0	1500398464
2854	78.0	1500398464
2855	79.0	1500398464
2856	78.0	1500398464
2857	78.0	1500345728
2858	78.0	1500345728
2859	78.0	1500398464
2860	78.0	1500398464
2861	78.0	1500398464
2862	78.0	1500398464
2863	79.0	1500345728
2864	78.0	1500345728
2865	80.0	1500398464
2866	78.0	1500345728
2867	79.0	1500398464
2868	79.0	1500345728
2869	78.0	1500345728
2870	77.0	1500398464
2871	79.0	1500345728
2872	78.0	1500345728
2873	79.0	1500345728
2874	78.0	1500345728
2875	79.0	1500345728
2876	79.0	1500345728
2877	78.0	1500345728
2878	78.0	1500345728
2879	79.0	1500398464
2880	79.0	1500345728
2881	79.0	1500398464
2882	79.0	1500345728
2883	78.0	1500345728
2884	79.0	1500398464
2885	79.0	1500398464
2886	79.0	1500345728
2887	79.0	1500345728
2888	79.0	1500345728
2889	79.0	1500398464
2890	79.0	1500345728
2891	79.0	1500398464
2892	78.0	1500398464
2893	78.0	1500345728
2894	79.0	1500345728
2895	78.0	1500398464
2896	80.0	1500345728
2897	78.0	1500345728
2898	79.0	1500398464
2899	79.0	1500345728
2900	79.0	1500345728
2901	79.0	1500345728
2902	79.0	1500398464
2903	78.0	1500345728
2904	79.0	1500398464
2905	80.0	1500345728
2906	79.0	1500398464
2907	79.0	1500345728
2908	78.0	1500398464
2909	79.0	1500398464
2910	79.0	1500345728
2911	78.0	1500398464
2912	79.0	1500345728
2913	79.0	1500398464
2914	78.0	1500345728
2915	79.0	1500345728
2916	79.0	1500345728
2917	79.0	1500345728
2918	78.0	1500398464
2919	78.0	1500345728
2920	79.0	1500398464
2921	80.0	1500345728
2922	79.0	1500398464
2923	78.0	1500398464
2924	79.0	1500398464
2925	79.0	1500345728
2926	79.0	1500398464
2927	78.0	1500345728
2928	78.0	1500398464
2929	78.0	1500345728
2930	80.0	1500345728
2931	77.0	1500345728
2932	78.0	1500398464
2933	78.0	1500345728
2934	78.0	1500345728
2935	79.0	1500398464
2936	79.0	1500345728
2937	79.0	1500345728
2938	78.0	1500345728
2939	78.0	1500345728
2940	79.0	1500345728
2941	78.0	1500345728
2942	78.0	1500345728
2943	79.0	1500398464
2944	79.0	1500345728
2945	79.0	1500345728
2946	79.0	1500398464
2947	78.0	1500345728
2948	79.0	1500398464
2949	79.0	1500345728
2950	78.0	1500345728
2951	79.0	1500398464
2952	79.0	1500345728
2953	79.0	1500398464
2954	79.0	1500398464
2955	79.0	1500345728
2956	79.0	1500398464
2957	79.0	1500398464
2958	79.0	1500398464
2959	79.0	1500398464
2960	79.0	1500345728
2961	78.0	1500345728
2962	79.0	1500345728
2963	79.0	1500345728
2964	78.0	1500398464
2965	79.0	1500398464
2966	79.0	1500398464
2967	79.0	1500345728
2968	79.0	1500345728
2969	79.0	1500398464
2970	78.0	1500345728
2971	78.0	1500398464
2972	79.0	1500345728
2973	79.0	1500398464
2974	79.0	1500345728
2975	79.0	1500345728
2976	79.0	1500345728
2977	79.0	1500398464
2978	78.0	1500345728
2979	79.0	1500345728
2980	78.0	1500345728
2981	78.0	1500398464
2982	78.0	1500398464
2983	77.0	1500345728
2984	77.0	1500345728
2985	77.0	1500345728
2986	74.0	600169920
2987	75.0	600169920
2988	73.0	600117184
2989	73.0	1500345728
2990	71.0	750146496
2991	72.0	600169920
2992	71.0	600169920
2993	71.0	600169920
2994	70.0	600169920
2995	69.0	600169920
2996	70.0	750146496
2997	71.0	1500398464
2998	70.0	1500345728
2999	70.0	1500345728
3000	70.0	750199232
3001	70.0	1000212864
3002	70.0	1000265600
3003	70.0	1000212864
3004	70.0	1000265600
3005	69.0	1000212864
3006	69.0	750199232
3007	68.0	1000212864
3008	69.0	1000212864
3009	69.0	1000265600
3010	69.0	1000265600
3011	69.0	750199232
3012	68.0	1000212864
3013	68.0	600169920
3014	68.0	600169920
3015	67.0	1000265600
3016	68.0	1500345728
3017	68.0	1000212864
3018	67.0	1000212864
3019	68.0	1000265600
3020	68.0	750199232
3021	67.0	750199232
3022	68.0	750199232
3023	67.0	1500345728
